4020.  6.578614E-16
4029.19999977395  7.350603E-16
4038.39999954789  4.251572E-16
4047.59999932183  5.796114E-16
4056.79999909578  5.611712E-16
4065.99999886972  4.304309E-16
4075.19999864366  7.701811E-16
4084.39999841761  4.971614E-16
4093.59999819155  2.955498E-16
4102.7999979655  3.824444E-16
4111.99999773944  6.051940E-16
4121.19999751338  6.953310E-16
4130.39999728733  2.492052E-16
4139.59999706127  1.738892E-16
4148.79999683522  5.281826E-16
4157.99999660916  4.104225E-16
4167.1999963831  8.127404E-16
4176.39999615705  6.700701E-16
4185.59999593099  4.214245E-16
4194.79999570494  3.413952E-16
4203.99999547888  5.331685E-16
4213.19999525282  5.254387E-16
4222.39999502677  6.182011E-16
4231.59999480071  5.971973E-16
4240.79999457465  6.590286E-16
4249.9999943486  4.452321E-16
4259.19999412254  3.919965E-16
4268.39999389649  4.901568E-16
4277.59999367043  5.929304E-16
4286.79999344437  3.877086E-16
4295.99999321832  4.875761E-16
4305.19999299226  4.247822E-16
4314.39999276621  5.386080E-16
4323.59999254015  4.452477E-16
4332.79999231409  5.743854E-16
4341.99999208804  5.780092E-16
4351.19999186198  5.319043E-16
4360.39999163592  5.751756E-16
4369.59999140987  6.260484E-16
4378.79999118381  5.142006E-16
4387.99999095776  6.098270E-16
4397.1999907317  5.573440E-16
4406.39999050565  7.374310E-16
4415.59999027959  7.144863E-16
4424.79999005353  8.140683E-16
4433.99998982748  6.666624E-16
4443.19998960142  9.127620E-16
4452.39998937536  1.036338E-15
4461.59998914931  9.816554E-16
4470.79998892325  9.687841E-16
4479.9999886972  1.065129E-15
4489.19998847114  1.210882E-15
4498.39998824509  1.180956E-15
4507.59998801903  1.382721E-15
4516.79998779297  1.282031E-15
4525.99998756692  1.251784E-15
4535.19998734086  1.398857E-15
4544.3999871148  1.396515E-15
4553.59998688875  1.272501E-15
4562.79998666269  1.328819E-15
4571.99998643664  1.319351E-15
4581.19998621058  1.279582E-15
4590.39998598452  1.307196E-15
4599.59998575847  1.383959E-15
4608.79998553241  1.226738E-15
4617.99998530636  1.305192E-15
4627.1999850803  1.251166E-15
4636.39998485424  1.271214E-15
4645.59998462819  1.200660E-15
4654.79998440213  1.171194E-15
4663.99998417607  1.098887E-15
4673.19998395002  1.086995E-15
4682.39998372396  1.227817E-15
4691.59998349791  1.114450E-15
4700.79998327185  1.065966E-15
4709.9999830458  1.039520E-15
4719.19998281974  1.025606E-15
4728.39998259368  1.033053E-15
4737.59998236763  9.728237E-16
4746.79998214157  9.274323E-16
4755.99998191551  1.061948E-15
4765.19998168946  9.568744E-16
4774.3999814634  1.019328E-15
4783.59998123735  9.695335E-16
4792.79998101129  1.010240E-15
4801.99998078523  9.415774E-16
4811.19998055918  1.008603E-15
4820.39998033312  1.046425E-15
4829.59998010707  1.066272E-15
4838.79997988101  1.075437E-15
4847.99997965495  1.168353E-15
4857.1999794289  1.047065E-15
4866.39997920284  1.100989E-15
4875.59997897679  9.878750E-16
4884.79997875073  1.000144E-15
4893.99997852467  1.044913E-15
4903.19997829862  9.759891E-16
4912.39997807256  9.301887E-16
4921.59997784651  1.041924E-15
4930.79997762045  9.856086E-16
4939.99997739439  1.027227E-15
4949.19997716834  1.146087E-15
4958.39997694228  1.027971E-15
4967.59997671622  1.083135E-15
4976.79997649017  1.070780E-15
4985.99997626411  1.092021E-15
4995.19997603806  1.096221E-15
5004.399975812  1.026718E-15
5013.59997558594  1.069664E-15
5022.79997535989  1.068523E-15
5031.99997513383  1.113255E-15
5041.19997490778  1.077291E-15
5050.39997468172  1.109610E-15
5059.59997445566  1.153067E-15
5068.79997422961  1.090276E-15
5077.99997400355  1.107471E-15
5087.1999737775  1.120737E-15
5096.39997355144  1.154758E-15
5105.59997332538  1.176208E-15
5114.79997309933  1.170336E-15
5123.99997287327  1.227417E-15
5133.19997264721  1.234121E-15
5142.39997242116  1.272385E-15
5151.5999721951  1.285453E-15
5160.79997196905  1.317190E-15
5169.99997174299  1.290753E-15
5179.19997151694  1.297864E-15
5188.39997129088  1.416522E-15
5197.59997106482  1.489204E-15
5206.79997083877  1.487260E-15
5215.99997061271  1.487348E-15
5225.19997038665  1.578237E-15
5234.3999701606  1.545427E-15
5243.59996993454  1.628414E-15
5252.79996970849  1.712522E-15
5261.99996948243  1.562921E-15
5271.19996925637  1.708292E-15
5280.39996903032  1.727944E-15
5289.59996880426  1.771023E-15
5298.79996857821  1.717611E-15
5307.99996835215  1.833532E-15
5317.19996812609  1.821339E-15
5326.39996790004  1.922967E-15
5335.59996767398  1.960126E-15
5344.79996744792  1.972013E-15
5353.99996722187  2.074582E-15
5363.19996699581  2.011541E-15
5372.39996676976  2.055682E-15
5381.5999665437  1.975263E-15
5390.79996631765  2.035630E-15
5399.99996609159  1.954545E-15
5409.19996586553  1.988715E-15
5418.39996563948  1.890712E-15
5427.59996541342  1.945534E-15
5436.79996518736  2.029918E-15
5445.99996496131  2.030701E-15
5455.19996473525  1.965504E-15
5464.3999645092  2.021237E-15
5473.59996428314  2.069391E-15
5482.79996405708  2.109394E-15
5491.99996383103  2.097935E-15
5501.19996360497  1.959435E-15
5510.39996337892  1.960191E-15
5519.59996315286  1.883819E-15
5528.7999629268  1.740112E-15
5537.99996270075  1.664974E-15
5547.19996247469  1.604915E-15
5556.39996224864  1.601600E-15
5565.59996202258  1.588190E-15
5574.79996179652  1.564959E-15
5583.99996157047  1.547766E-15
5593.19996134441  1.591528E-15
5602.39996111836  1.550136E-15
5611.5999608923  1.588735E-15
5620.79996066624  1.631950E-15
5629.99996044019  1.739761E-15
5639.19996021413  1.677843E-15
5648.39995998807  1.730518E-15
5657.59995976202  1.753755E-15
5666.79995953596  1.702393E-15
5675.99995930991  1.744957E-15
5685.19995908385  1.737591E-15
5694.3999588578  1.747349E-15
5703.59995863174  1.797748E-15
5712.79995840568  1.788152E-15
5721.99995817963  1.862971E-15
5731.19995795357  1.917361E-15
5740.39995772751  1.907084E-15
5749.59995750146  1.937235E-15
5758.7999572754  2.017028E-15
5767.99995704935  2.043278E-15
5777.19995682329  2.138336E-15
5786.39995659723  2.176039E-15
5795.59995637118  2.341209E-15
5804.79995614512  2.640439E-15
5813.99995591907  2.671966E-15
5823.19995569301  2.689087E-15
5832.39995546695  2.873816E-15
5841.5999552409  2.845313E-15
5850.79995501484  2.957958E-15
5859.99995478878  2.948298E-15
5869.19995456273  2.961490E-15
5878.39995433667  2.959604E-15
5887.59995411062  2.852675E-15
5896.79995388456  2.723780E-15
5905.9999536585  2.764874E-15
5915.19995343245  2.741293E-15
5924.39995320639  2.639050E-15
5933.59995298034  2.730865E-15
5942.79995275428  2.631815E-15
5951.99995252822  2.484806E-15
5961.19995230217  2.509180E-15
5970.39995207611  2.411124E-15
5979.59995185006  2.340689E-15
5988.799951624  2.337140E-15
5997.99995139794  2.249127E-15
6007.19995117189  2.258026E-15
6016.39995094583  2.129279E-15
6025.59995071978  2.116034E-15
6034.79995049372  2.093771E-15
6043.99995026767  1.980165E-15
6053.19995004161  1.966687E-15
6062.39994981555  1.986247E-15
6071.5999495895  2.047569E-15
6080.79994936344  2.031983E-15
6089.99994913738  2.090772E-15
6099.19994891133  1.997824E-15
6108.39994868527  2.046017E-15
6117.59994845922  2.022558E-15
6126.79994823316  1.993042E-15
6135.9999480071  1.914117E-15
6145.19994778105  1.888438E-15
6154.39994755499  1.854500E-15
6163.59994732893  1.742942E-15
6172.79994710288  1.772246E-15
6181.99994687682  1.773557E-15
6191.19994665077  1.707291E-15
6200.39994642471  1.613358E-15
6209.59994619865  1.563108E-15
6218.7999459726  1.466365E-15
6227.99994574654  1.407317E-15
6237.19994552049  1.424682E-15
6246.39994529443  1.434471E-15
6255.59994506837  1.402310E-15
6264.79994484232  1.488913E-15
6273.99994461626  1.535167E-15
6283.19994439021  1.526403E-15
6292.39994416415  1.564536E-15
6301.59994393809  1.636716E-15
6310.79994371204  1.599743E-15
6319.99994348598  1.652134E-15
6329.19994325993  1.620429E-15
6338.39994303387  1.651144E-15
6347.59994280781  1.726179E-15
6356.79994258176  1.725123E-15
6365.9999423557  1.758111E-15
6375.19994212965  1.771104E-15
6384.39994190359  1.832843E-15
6393.59994167753  1.861044E-15
6402.79994145148  1.917072E-15
6411.99994122542  1.947439E-15
6421.19994099936  1.989955E-15
6430.39994077331  2.001656E-15
6439.59994054725  2.078747E-15
6448.7999403212  2.074192E-15
6457.99994009514  2.111701E-15
6467.19993986909  2.045668E-15
6476.39993964303  2.105279E-15
6485.59993941697  2.144837E-15
6494.79993919092  2.123627E-15
6503.99993896486  2.151715E-15
6513.1999387388  2.162267E-15
6522.39993851275  2.161627E-15
6531.59993828669  2.251618E-15
6540.79993806064  2.259656E-15
6549.99993783458  2.348447E-15
6559.19993760852  2.274981E-15
6568.39993738247  2.400637E-15
6577.59993715641  2.352929E-15
6586.79993693035  2.417687E-15
6595.9999367043  2.446196E-15
6605.19993647824  2.506323E-15
6614.39993625219  2.488983E-15
6623.59993602613  2.619827E-15
6632.79993580007  2.679170E-15
6641.99993557402  2.693641E-15
6651.19993534796  2.707335E-15
6660.39993512191  2.612120E-15
6669.59993489585  2.749223E-15
6678.79993466979  2.633334E-15
6687.99993444374  2.644481E-15
6697.19993421768  2.482654E-15
6706.39993399163  2.517294E-15
6715.59993376557  2.407307E-15
6724.79993353951  2.403857E-15
6733.99993331346  2.380621E-15
6743.1999330874  2.308219E-15
6752.39993286135  2.304495E-15
6761.59993263529  2.339578E-15
6770.79993240923  2.317843E-15
6779.99993218318  2.309066E-15
6789.19993195712  2.250928E-15
6798.39993173107  2.255949E-15
6807.59993150501  2.314360E-15
6816.79993127895  2.231572E-15
6825.9999310529  2.199015E-15
6835.19993082684  2.123988E-15
6844.39993060078  2.137490E-15
6853.59993037473  2.190309E-15
6862.79993014867  2.045960E-15
6871.99992992262  1.851300E-15
6881.19992969656  1.580880E-15
6890.3999294705  1.845032E-15
6899.59992924445  1.783264E-15
6908.79992901839  1.883918E-15
6917.99992879234  2.029590E-15
6927.19992856628  2.161081E-15
6936.39992834023  2.177491E-15
6945.59992811417  2.116667E-15
6954.79992788811  2.247494E-15
6963.99992766206  2.268211E-15
6973.199927436  2.396756E-15
6982.39992720994  2.440002E-15
6991.59992698389  2.417187E-15
7000.79992675783  2.484422E-15
7009.99992653177  2.554383E-15
7019.19992630572  2.560859E-15
7028.39992607966  2.500137E-15
7037.59992585361  2.534360E-15
7046.79992562755  2.374392E-15
7055.9999254015  2.345268E-15
7065.19992517544  2.255993E-15
7074.39992494938  2.293016E-15
7083.59992472333  2.218810E-15
7092.79992449727  2.207550E-15
7101.99992427121  2.175032E-15
7111.19992404516  2.184127E-15
7120.3999238191  2.176579E-15
7129.59992359305  2.212873E-15
7138.79992336699  2.160701E-15
7147.99992314094  2.035984E-15
7157.19992291488  2.258341E-15
7166.39992268882  2.103436E-15
7175.59992246277  1.940045E-15
7184.79992223671  1.821714E-15
7193.99992201065  1.780576E-15
7203.1999217846  1.851503E-15
7212.39992155854  1.923382E-15
7221.59992133249  2.002472E-15
7230.79992110643  2.002615E-15
7239.99992088037  1.949761E-15
7249.19992065432  1.910480E-15
7258.39992042826  2.012064E-15
7267.5999202022  2.011187E-15
7276.79991997615  1.943341E-15
7285.99991975009  1.895412E-15
7295.19991952404  1.906253E-15
7304.39991929798  1.754437E-15
7313.59991907193  1.836887E-15
7322.79991884587  1.752199E-15
7331.99991861981  1.782994E-15
7341.19991839376  1.718144E-15
7350.3999181677  1.628839E-15
7359.59991794164  1.699034E-15
7368.79991771559  1.571617E-15
7377.99991748953  1.561298E-15
7387.19991726348  1.520525E-15
7396.39991703742  1.579790E-15
7405.59991681136  1.526150E-15
7414.79991658531  1.424288E-15
7423.99991635925  1.468365E-15
7433.1999161332  1.470698E-15
7442.39991590714  1.403082E-15
7451.59991568108  1.366327E-15
7460.79991545503  1.365262E-15
7469.99991522897  1.405222E-15
7479.19991500292  1.346633E-15
7488.39991477686  1.276682E-15
7497.5999145508  1.318038E-15
7506.79991432475  1.265554E-15
7515.99991409869  1.217346E-15
7525.19991387264  1.243612E-15
7534.39991364658  1.292822E-15
7543.59991342052  1.251454E-15
7552.79991319447  1.196573E-15
7561.99991296841  1.286017E-15
7571.19991274235  1.101398E-15
7580.3999125163  1.183886E-15
7589.59991229024  1.204857E-15
7598.79991206419  9.215050E-16
7607.99991183813  4.595722E-16
7617.19991161207  5.858591E-16
7626.39991138602  8.092172E-16
7635.59991115996  7.395502E-16
7644.79991093391  8.938246E-16
7653.99991070785  9.919710E-16
7663.19991048179  1.120199E-15
7672.39991025574  1.166861E-15
7681.59991002968  1.480851E-15
7690.79990980363  1.381079E-15
7699.99990957757  1.325142E-15
7709.19990935151  1.416723E-15
7718.39990912546  1.493377E-15
7727.5999088994  1.306745E-15
7736.79990867335  1.196735E-15
7745.99990844729  1.309395E-15
7755.19990822123  1.222338E-15
7764.39990799518  1.223910E-15
7773.59990776912  1.118319E-15
7782.79990754307  1.150749E-15
7791.99990731701  1.052371E-15
7801.19990709095  8.687450E-16
7810.3999068649  8.213136E-16
7819.59990663884  7.963168E-16
7828.79990641279  7.677736E-16
7837.99990618673  8.103601E-16
7847.19990596067  8.431595E-16
7856.39990573462  7.814702E-16
7865.59990550856  7.413459E-16
7874.7999052825  6.808653E-16
7883.99990505645  6.916857E-16
7893.19990483039  7.918050E-16
7902.39990460434  7.488695E-16
7911.59990437828  5.778343E-16
7920.79990415222  5.506071E-16
7929.99990392617  5.654770E-16
7939.19990370011  6.486271E-16
7948.39990347406  5.456573E-16
7957.599903248  5.399135E-16
7966.79990302194  5.932703E-16
7975.99990279589  4.365700E-16
7985.19990256983  4.921070E-16
7994.39990234378  5.014338E-16
