#wavelength[A] flux[arbitraty]
  4020.77881  0.
  4026.22583  0.00104536
  4031.68018  0.00201198086
  4037.14209  0.0014473187
  4042.61108  0.00847192481
  4048.08789  0.0131547749
  4053.57178  0.0169871226
  4059.06348  0.0128488
  4064.56226  0.00689867046
  4070.0686  0.0687856078
  4075.58228  0.0745310038
  4081.10352  0.0275929347
  4086.63232 -0.00795266591
  4092.16846 -0.0441353135
  4097.7124 -0.0175048485
  4103.26367  0.00959270913
  4108.82227  0.0986066237
  4114.38867  0.138644502
  4119.9624  0.171917707
  4125.54395 -0.122201882
  4131.13281 -0.1701134
  4136.729 -0.230539903
  4142.3335 -0.0400486551
  4147.94531  0.0605648234
  4153.56445 -0.0558028258
  4159.19141  0.103846073
  4164.82617  0.373841375
  4170.46826  0.257904857
  4176.11816  0.179370835
  4181.77539 -0.0915295333
  4187.44043 -0.156387717
  4193.11328 -0.222224221
  4198.79395  0.00208437978
  4204.48193  0.0193623528
  4210.17773  0.00297622709
  4215.88135  0.08639507
  4221.59277  0.123976782
  4227.31201  0.0861179382
  4233.03857  0.120832399
  4238.77344  0.166307807
  4244.51562 -0.133754373
  4250.26562 -0.220499009
  4256.02393 -0.297764331
  4261.78955 -0.204792053
  4267.56299 -0.150444999
  4273.34473 -0.00234828517
  4279.13379 -0.172261655
  4284.93066 -0.359690726
  4290.73584 -0.225122988
  4296.54834 -0.247297972
  4302.36914 -0.325387061
  4308.19727 -0.203190029
  4314.03369 -0.185918093
  4319.87842 -0.316502631
  4325.72998 -0.210797548
  4331.59033 -0.138341069
  4337.4585 -0.142064929
  4343.33447 -0.182080448
  4349.21875 -0.228376389
  4355.11035 -0.18169117
  4361.01025 -0.160415947
  4366.91846 -0.12135309
  4372.83447 -0.250270009
  4378.7583 -0.265506744
  4384.69043 -0.171676636
  4390.63037 -0.22774303
  4396.57861 -0.229839981
  4402.53467 -0.0300839543
  4408.49902 -0.0578639507
  4414.47119 -0.0751259923
  4420.45166  0.0373028517
  4426.43994 -0.0679833889
  4432.43652 -0.168620944
  4438.44141  0.119320035
  4444.4541  0.182553172
  4450.4751  0.253306746
  4456.50439  0.181196928
  4462.5415  0.157609344
  4468.58691  0.136872053
  4474.64062  0.224171758
  4480.70264  0.285719395
  4486.77295  0.379780412
  4492.85107  0.338552356
  4498.9375  0.39543736
  4505.03223  0.531163335
  4511.13525  0.426026106
  4517.24658  0.382760167
  4523.36621  0.34811306
  4529.49414  0.465008736
  4535.63086  0.478607059
  4541.7749  0.463924408
  4547.92773  0.345025063
  4554.08887  0.330110908
  4560.2583  0.357053041
  4566.43652  0.337951303
  4572.62256  0.310599446
  4578.81738  0.274333239
  4585.02002  0.288377762
  4591.23145  0.310768366
  4597.45117  0.345481277
  4603.67969  0.196511984
  4609.9165  0.207715154
  4616.16162  0.239911437
  4622.41504  0.181997895
  4628.67725  0.180987239
  4634.94775  0.179096818
  4641.22705  0.108689785
  4647.51416  0.0853047371
  4653.81055  0.0587595701
  4660.11523 -0.00575369596
  4666.42822 -0.0193032026
  4672.75 -0.00398278236
  4679.08008  0.0897725821
  4685.41943  0.00812387466
  4691.7666 -0.035718739
  4698.12256 -0.0707342029
  4704.4873 -0.0953882337
  4710.86035 -0.108871639
  4717.24219 -0.120863736
  4723.63281 -0.11889118
  4730.03223 -0.150960505
  4736.43994 -0.182925761
  4742.85645 -0.22090584
  4749.28174 -0.149279773
  4755.71582 -0.137897789
  4762.1582 -0.207746625
  4768.60986 -0.169181585
  4775.06982 -0.179715574
  4781.53857 -0.208152294
  4788.0166 -0.178918898
  4794.50293 -0.212464511
  4800.99805 -0.23307234
  4807.50195 -0.18954283
  4814.01514 -0.170721114
  4820.53662 -0.160868764
  4827.06689 -0.153352261
  4833.60645 -0.149564326
  4840.15479 -0.115214825
  4846.71143 -0.092361629
  4853.27734 -0.180402517
  4859.85205 -0.153622687
  4866.43604 -0.171389818
  4873.02881 -0.234870315
  4879.63037 -0.228467166
  4886.24072 -0.212317288
  4892.86035 -0.205744147
  4899.48877 -0.253707409
  4906.12598 -0.282155037
  4912.77246 -0.262303054
  4919.42773 -0.210992694
  4926.09229 -0.254876792
  4932.76611 -0.238962471
  4939.44873 -0.208546042
  4946.14014 -0.14241904
  4952.84082 -0.220323741
  4959.55029 -0.215346634
  4966.26953 -0.197901249
  4972.99707 -0.208079219
  4979.73389 -0.198576987
  4986.47998 -0.196024656
  4993.23535 -0.198170125
  5000. -0.249424577
  5006.77344 -0.230729222
  5013.55664 -0.223156571
  5020.34863 -0.2260499
  5027.14941 -0.196985066
  5033.95996 -0.214169919
  5040.77979 -0.22049737
  5047.60791 -0.205958664
  5054.44629 -0.179562867
  5061.29395 -0.205473661
  5068.15039 -0.224072695
  5075.0166 -0.217224956
  5081.89209 -0.21108973
  5088.77637 -0.199384868
  5095.67041 -0.188273132
  5102.57324 -0.179399669
  5109.48584 -0.185631394
  5116.40771 -0.166446805
  5123.33936 -0.151333332
  5130.27979 -0.150866866
  5137.22949 -0.129533947
  5144.18896 -0.125387371
  5151.1582 -0.119215906
  5158.13672 -0.107128263
  5165.12451 -0.127313316
  5172.12158 -0.128538728
  5179.12842 -0.10389334
  5186.14453 -0.0537669063
  5193.17041 -0.0103339553
  5200.20557 -0.0155001283
  5207.25049 -0.0202698112
  5214.30469 -0.0182597637
  5221.36914  0.0305485725
  5228.44238  0.00860607624
  5235.52539  0.0270955563
  5242.61816  0.0598750114
  5249.7207  0.0972503424
  5256.83203  0.00432050228
  5263.95361  0.0498268604
  5271.08496  0.0827803612
  5278.22607  0.0867705345
  5285.37646  0.107184887
  5292.53662  0.0759828091
  5299.70654  0.0975323915
  5306.88574  0.126909256
  5314.0752  0.115159631
  5321.27441  0.166944027
  5328.4834  0.179816961
  5335.70166  0.183950782
  5342.93066  0.188499928
  5350.16846  0.23703599
  5357.4165  0.199164867
  5364.67432  0.20139432
  5371.94189  0.191560626
  5379.21973  0.153916717
  5386.50684  0.181541681
  5393.8042  0.138521314
  5401.11133  0.132352948
  5408.42822  0.120479226
  5415.75488  0.0739305019
  5423.0918  0.0990129709
  5430.43848  0.129171968
  5437.79541  0.134472132
  5445.16211  0.118938446
  5452.53857  0.0868954659
  5459.92529  0.111609936
  5467.32178  0.125997186
  5474.729  0.137502789
  5482.14551  0.139767647
  5489.57227  0.125221133
  5497.00928  0.0496650934
  5504.45557  0.04456532
  5511.9126  0.0155220032
  5519.37988 -0.0332276225
  5526.85742 -0.0916880369
  5534.34473 -0.130378366
  5541.8418 -0.16254735
  5549.34961 -0.170984328
  5556.86768 -0.178649127
  5564.396 -0.18903172
  5571.93408 -0.202081263
  5579.48242 -0.214085996
  5587.04102 -0.200133622
  5594.60986 -0.211201906
  5602.18848 -0.216273248
  5609.77832 -0.204118669
  5617.37793 -0.189285278
  5624.98828 -0.141974628
  5632.60791 -0.165139496
  5640.23828 -0.162510693
  5647.87988 -0.149978638
  5655.53076 -0.148903906
  5663.19238 -0.173498988
  5670.86475 -0.157120526
  5678.54688 -0.161248207
  5686.23975 -0.16241461
  5693.94287 -0.154591382
  5701.65674 -0.142160058
  5709.38086 -0.148461163
  5717.11621 -0.116537452
  5724.86084 -0.0975897312
  5732.61621 -0.097039938
  5740.38281 -0.0954419374
  5748.15918 -0.0806775689
  5755.9458 -0.0531992912
  5763.74414 -0.0430178046
  5771.55225 -0.00634944439
  5779.37061  0.0100015402
  5787.2002  0.0535254478
  5795.04004  0.136938095
  5802.89111  0.229247212
  5810.75244  0.240002275
  5818.62451  0.246834397
  5826.50684  0.317221761
  5834.3999  0.32136786
  5842.3042  0.342551231
  5850.21875  0.365799665
  5858.14404  0.363415718
  5866.08057  0.367811441
  5874.02783  0.366909146
  5881.98486  0.323625326
  5889.95361  0.274519086
  5897.93262  0.2686373
  5905.92285  0.272496104
  5913.92334  0.253759623
  5921.93555  0.224647403
  5929.95752  0.262434006
  5937.99121  0.218763113
  5946.03516  0.161612034
  5954.09082  0.158671141
  5962.15674  0.138009906
  5970.23389  0.104939222
  5978.32227  0.0861948729
  5986.4209  0.0802630186
  5994.53076  0.0460197926
  6002.65137  0.0514800549
  6010.7832  3.4570694E-06
  6018.92627 -0.0109750032
  6027.08057 -0.0178717375
  6035.24561 -0.0468246937
  6043.42139 -0.074973762
  6051.60889 -0.075553
  6059.80713 -0.0638497472
  6068.01611 -0.0373735428
  6076.23682 -0.0432520509
  6084.46826 -0.0172825456
  6092.71094 -0.0466912985
  6100.96533 -0.0403894782
  6109.22998 -0.0372701287
  6117.50684 -0.0470469594
  6125.79395 -0.0657650232
  6134.09277 -0.0924164653
  6142.40283 -0.102457821
  6150.72363 -0.115961909
  6159.05664 -0.167495251
  6167.3999 -0.153584659
  6175.75537 -0.15061307
  6184.12158 -0.171645284
  6192.49951 -0.20731777
  6200.88818 -0.236358523
  6209.28955 -0.266569734
  6217.70068 -0.302097499
  6226.12402 -0.318569362
  6234.55859 -0.310554028
  6243.00488 -0.30660212
  6251.46289 -0.320481479
  6259.93115 -0.279004335
  6268.41211 -0.257032573
  6276.90381 -0.257155061
  6285.40771 -0.24391824
  6293.92188 -0.215538144
  6302.44873 -0.212346733
  6310.98682 -0.207310975
  6319.53662 -0.19989723
  6328.09766 -0.203543246
  6336.67041 -0.18343848
  6345.25488 -0.156168401
  6353.85107 -0.154293597
  6362.4585 -0.139547467
  6371.07812 -0.133319199
  6379.7085 -0.103204966
  6388.35156 -0.0901958346
  6397.00635 -0.0655024052
  6405.67236 -0.0500110388
  6414.3501 -0.0318678021
  6423.04004 -0.0229266286
  6431.74121  0.00192129612
  6440.45459  0.0141792297
  6449.17969  0.0220378637
  6457.9165  0.0151314735
  6466.66455  0.00913643837
  6475.42529  0.0322713852
  6484.19775  0.0402101278
  6492.98193  0.0357321501
  6501.77832  0.0457851887
  6510.58594  0.0484801531
  6519.40625  0.0530945063
  6528.23828  0.0896553993
  6537.08203  0.0943243504
  6545.93848  0.132362485
  6554.80566  0.0961688757
  6563.68604  0.154474735
  6572.57812  0.131823778
  6581.48242  0.157628655
  6590.39795  0.170690894
  6599.32617  0.195208311
  6608.2666  0.190751553
  6617.21875  0.237664461
  6626.18359  0.270203233
  6635.15967  0.279917836
  6644.14893  0.284686923
  6653.1499  0.252725482
  6662.1626  0.282354712
  6671.18799  0.264574289
  6680.22559  0.248087525
  6689.27539  0.200014234
  6698.33789  0.180680633
  6707.41211  0.154269218
  6716.49854  0.131682873
  6725.59717  0.123478651
  6734.7085  0.0983983278
  6743.83203  0.0819518566
  6752.96826  0.0895522833
  6762.1167  0.0903675556
  6771.27783  0.0828704834
  6780.45117  0.0654909611
  6789.63672  0.0540130138
  6798.83496  0.0697637796
  6808.04492  0.0605639219
  6817.26807  0.0344609022
  6826.50342  0.00817978382
  6835.75146 -0.00361669064
  6845.01172  0.013353467
  6854.28516 -0.0147239566
  6863.57031 -0.0962575674
  6872.86914 -0.209132612
  6882.18018 -0.183542609
  6891.50342 -0.152851224
  6900.83984 -0.132483363
  6910.18799 -0.0694807172
  6919.5498 -0.00290381908
  6928.92334  0.0241909027
  6938.31006  0.00780832767
  6947.70947  0.0470627546
  6957.12207  0.0730628967
  6966.54688  0.125762939
  6975.98438  0.158464432
  6985.43506  0.156339765
  6994.89844  0.18569541
  7004.37402  0.223710179
  7013.86328  0.234163523
  7023.36475  0.210919261
  7032.88037  0.228702426
  7042.40723  0.156641006
  7051.94824  0.14392674
  7061.50098  0.111596704
  7071.06787  0.126357198
  7080.64746  0.100227356
  7090.23975  0.097333312
  7099.84473  0.0923473835
  7109.46338  0.100542665
  7119.09473  0.11170125
  7128.73877  0.118291855
  7138.39648  0.0794759989
  7148.06689  0.114493966
  7157.75049  0.129507065
  7167.44678  0.0493876934
  7177.15723 -0.0173090696
  7186.87939 -0.0456091166
  7196.6167 -0.0133761168
  7206.36523  0.0356507301
  7216.12793  0.0895838737
  7225.90381  0.102169275
  7235.69336  0.0816414356
  7245.49512  0.0801563263
  7255.31104  0.139009356
  7265.13965  0.138431311
  7274.98242  0.111817002
  7284.83789  0.107434988
  7294.70654  0.0790294409
  7304.58936  0.070954442
  7314.48486  0.0725349188
  7324.39404  0.077780962
  7334.31641  0.0646936893
  7344.25244  0.0204048157
  7354.20166  0.0637013912
  7364.16455 -0.0013859868
  7374.14062 -0.000388383865
  7384.13086 -0.00201153755
  7394.13379  0.0286655426
  7404.15137 -0.010294199
  7414.18115 -0.0252987742
  7424.22559  0.003251791
  7434.28369 -0.0138674974
  7444.35498 -0.0368728638
  7454.43945 -0.0320863128
  7464.53857  0.00640285015
  7474.65088 -0.0252245087
  7484.77686 -0.0530370437
  7494.91748 -0.026457293
  7505.0708 -0.0551385656
  7515.23779 -0.0553199463
  7525.41846 -0.0109865414
  7535.61377 -0.00291760522
  7545.82227 -0.0317771398
  7556.04492  0.0294453278
  7566.28076 -0.0777230635
  7576.53125 -0.009773314
  7586.79492 -0.0427621789
  7597.07324 -0.305966079
  7607.36475 -0.447691441
  7617.6709 -0.290434569
  7627.99023 -0.246589005
  7638.32471 -0.159441039
  7648.67188 -0.0636787936
  7659.03418  0.0353135839
  7669.40967  0.120599046
  7679.7998  0.240185097
  7690.20312  0.188647971
  7700.62207  0.205578119
  7711.05469  0.253442049
  7721.50049  0.178165257
  7731.96143  0.116750322
  7742.43555  0.153445914
  7752.9248  0.121588916
  7763.42773  0.0998487622
  7773.94531  0.0843543261
  7784.47607  0.0625094399
  7795.02197  0.00257381168
  7805.58154 -0.0165335368
  7816.15674 -0.0197290871
  7826.74512 -0.0161832199
  7837.34863 -0.00242898194
  7847.96533 -0.00426808326
  7858.59766 -0.0106244562
  7869.24316 -0.0165393855
  7879.9043 -0.00973708183
  7890.5791 -0.000160861542
  7901.26904 -0.00796173979
  7911.97217 -0.0123124411
  7922.69092 -0.00868572854
  7933.42432 -0.00331418682
  7944.17188 -0.00390770799
  7954.93408 -0.00194845209
  7965.71094 -0.00103615236
  7976.50293 -0.000317109458
  7987.30811  0.
